{"index":{"_id":"0"}}
{"tonal": {"hpcp": {"max": [1, 1, 1, 1, 1, 1, 1, 1, 1, 1, 1, 1, 1, 1, 1, 1, 1, 1, 1, 1, 1, 1, 1, 1, 1, 1, 1, 1, 1, 1, 1, 1, 1, 1, 1, 1], "min": [0, 0, 0, 0, 0, 0, 0, 0, 0, 0, 0, 0, 0, 0, 0, 0, 0, 0, 0, 0, 0, 0, 0, 0, 0, 0, 0, 0, 0, 0, 0, 0, 0, 0, 0, 0], "var": [0.136047959328, 0.0589602664113, 0.0160550940782, 0.0182067621499, 0.0184669680893, 0.0451872646809, 0.0984406992793, 0.0466559268534, 0.0146697824821, 0.0106906825677, 0.008942916058, 0.0248766038567, 0.0569757893682, 0.0392026342452, 0.076473377645, 0.159651681781, 0.0651275217533, 0.0142292259261, 0.0104446141049, 0.0159530751407, 0.0468414463103, 0.0900973081589, 0.0552247017622, 0.0287261735648, 0.0206281021237, 0.0149592151865, 0.0447551198304, 0.0892937704921, 0.0357684828341, 0.0375324711204, 0.0592724196613, 0.0189066063613, 0.00994606595486, 0.012303231284, 0.0165043957531, 0.0702782571316], "dvar": [0.0341697782278, 0.0289906747639, 0.0173151940107, 0.01548084151, 0.0215686969459, 0.0249465294182, 0.0261116940528, 0.0262155868113, 0.0169088840485, 0.0127653423697, 0.0113919340074, 0.0179106406868, 0.0265053138137, 0.0305082630366, 0.0372738987207, 0.0386362969875, 0.0332249775529, 0.0170394573361, 0.0139665044844, 0.0208229608834, 0.0318311676383, 0.0308179240674, 0.0339987054467, 0.0282492637634, 0.0203958936036, 0.0182140283287, 0.0253615304828, 0.0290999375284, 0.0238324813545, 0.0220793243498, 0.0187679640949, 0.013549959287, 0.0125463465229, 0.0125991879031, 0.0167947933078, 0.0311724059284], "mean": [0.359680742025, 0.199529141188, 0.046427346766, 0.0381708070636, 0.0425666756928, 0.112365670502, 0.18000292778, 0.115113094449, 0.0407558083534, 0.0280240736902, 0.0274851359427, 0.0703162923455, 0.117144882679, 0.10746062547, 0.231291264296, 0.354701697826, 0.195854783058, 0.0410007610917, 0.0261747408658, 0.0390092469752, 0.119480341673, 0.193210825324, 0.134905472398, 0.0637977793813, 0.0444911532104, 0.0371158309281, 0.122475899756, 0.183000579476, 0.109620913863, 0.0926983505487, 0.109727442265, 0.0598032101989, 0.0345961414278, 0.040272410959, 0.0595004372299, 0.226591333747], "dmean": [0.120897591114, 0.106806814671, 0.0514730252326, 0.0392888374627, 0.0510173365474, 0.0752903446555, 0.0738311484456, 0.0785050392151, 0.0462623983622, 0.0331542640924, 0.0333068221807, 0.0555236153305, 0.0713785812259, 0.0921846553683, 0.122581422329, 0.10986161232, 0.105779208243, 0.0480167604983, 0.0332096964121, 0.0517297461629, 0.0899411663413, 0.0919100567698, 0.0947902798653, 0.0705137401819, 0.0495903640985, 0.0465566888452, 0.0797390788794, 0.0840496197343, 0.0781629160047, 0.066577218473, 0.0551731698215, 0.0456277802587, 0.0383624099195, 0.0394096598029, 0.0602864064276, 0.115471951663], "dvar2": [0.0787823200226, 0.071155667305, 0.0467814728618, 0.0408677347004, 0.058753978461, 0.0654926002026, 0.0606892704964, 0.0657839998603, 0.0452269949019, 0.0345989055932, 0.0307541526854, 0.0469069480896, 0.0632241591811, 0.0754604414105, 0.0929603353143, 0.0915452539921, 0.0826619714499, 0.0441082529724, 0.0382525101304, 0.0576052330434, 0.082676038146, 0.0735536888242, 0.0834011808038, 0.0731287747622, 0.0533166378736, 0.0499142929912, 0.0634791851044, 0.06339392066, 0.0607145316899, 0.0579128190875, 0.0458273366094, 0.0371704883873, 0.0358939878643, 0.0349855870008, 0.0464965775609, 0.0802865847945], "dmean2": [0.195224121213, 0.175337716937, 0.0913969054818, 0.0705651268363, 0.0926340892911, 0.126486554742, 0.1222698614, 0.12989269197, 0.0823285654187, 0.0591630451381, 0.0594307221472, 0.0946299284697, 0.122163943946, 0.155953422189, 0.205303519964, 0.183097213507, 0.17664206028, 0.0861277878284, 0.0606734007597, 0.0938529968262, 0.152767017484, 0.152435779572, 0.158797591925, 0.121246308088, 0.0872270613909, 0.0833716318011, 0.132909089327, 0.136686533689, 0.131203711033, 0.116058900952, 0.0926858857274, 0.0801205188036, 0.0687894672155, 0.0691767260432, 0.106061585248, 0.192442372441], "median": [0.189420372248, 0.0916954427958, 0.00509187858552, 0.00201968080364, 0.0029642963782, 0.0154480459169, 0.0239455066621, 0.0165287218988, 0.00400721747428, 0.00222487514839, 0.00239173835143, 0.0107087288052, 0.0178790204227, 0.0216748006642, 0.0930811241269, 0.136265069246, 0.066108584404, 0.00483424868435, 0.0018134486163, 0.00247036386281, 0.0199216511101, 0.0406444482505, 0.0271527823061, 0.004269358702, 0.00180938607082, 0.00367150362581, 0.022292688489, 0.0327793061733, 0.025205951184, 0.0109504889697, 0.00771159725264, 0.00531100016087, 0.00470732199028, 0.00563504407182, 0.0115432087332, 0.107480049133]}, "thpcp": [1, 0.55473959446, 0.129079326987, 0.106124132872, 0.118345715106, 0.312403917313, 0.500451922417, 0.320042431355, 0.113311067224, 0.0779137462378, 0.0764153674245, 0.195496410131, 0.325691282749, 0.298766702414, 0.643046021461, 0.986157059669, 0.544523954391, 0.113992094994, 0.0727721527219, 0.108455203474, 0.332184433937, 0.537173092365, 0.375070035458, 0.177373349667, 0.123696230352, 0.103191040456, 0.340512812138, 0.508786141872, 0.304772824049, 0.257723987103, 0.305068999529, 0.166267484426, 0.0961856916547, 0.111967101693, 0.165425702929, 0.629979074001], "key_key": "D", "key_scale": "major", "chords_key": "D", "chords_scale": "major", "hpcp_entropy": {"max": 3.80244112015, "min": 0, "var": 0.5755392313, "dvar": 0.223935201764, "mean": 1.45501220226, "dmean": 0.499730885029, "dvar2": 0.580611050129, "dmean2": 0.844720184803, "median": 1.53395199776}, "key_strength": 0.915944159031, "chords_strength": {"max": 0.789583444595, "min": -1, "var": 0.019329521805, "dvar": 0.000386596046155, "mean": 0.535058736801, "dmean": 0.00849655363709, "dvar2": 0.00071663124254, "dmean2": 0.00715628964826, "median": 0.547407984734}, "chords_histogram": [39.2365646362, 4.80013084412, 23.7057666779, 1.45806026459, 3.03079938889, 0.131061598659, 0, 0, 0, 0, 0, 0, 0, 0, 0, 0.393184810877, 0.262123197317, 6.14351224899, 0, 0.868283092976, 0, 0.786369621754, 11.4187421799, 7.76539993286], "tuning_frequency": 439.745910645, "chords_number_rate": 0.00131061603315, "chords_changes_rate": 0.0406290963292, "tuning_diatonic_strength": 0.701024770737, "tuning_equal_tempered_deviation": 0.0207227729261, "tuning_nontempered_energy_ratio": 0.632144272327}, "rhythm": {"bpm": 99.0605010986, "onset_rate": 2.89320445061, "beats_count": 487, "danceability": 0.947537600994, "beats_loudness": {"max": 0.0944025292993, "min": 0, "var": 0.000479768641526, "dvar": 0.000255918770563, "mean": 0.0293779671192, "dmean": 0.0180155001581, "dvar2": 0.000851855089422, "dmean2": 0.0327051728964, "median": 0.0260679703206}, "beats_position": [0.580498874187, 1.17260766029, 1.764716506, 2.36843538284, 2.9837641716, 3.59909296036, 4.20281171799, 4.81814050674, 5.4334692955, 6.03718805313, 6.64090681076, 7.24462556839, 7.84834432602, 8.45206356049, 9.06739234924, 9.69433116913, 10.2980499268, 11.0526981354, 11.7957363129, 12.5503854752, 13.2934236526, 14.0480718613, 14.7911109924, 15.5573692322, 16.3120174408, 17.0202255249, 17.7400455475, 18.4482536316, 19.1564617157, 19.7369613647, 20.3174591064, 20.9095687866, 21.5016784668, 22.0937862396, 22.7091159821, 23.312833786, 23.9165534973, 24.5202713013, 25.1239910126, 25.7277088165, 26.3198184967, 26.9351463318, 27.5504760742, 28.142583847, 28.7463035583, 29.3500213623, 29.9537410736, 30.5574588776, 31.1611785889, 31.7648983002, 32.3686180115, 32.9723358154, 33.5876655579, 34.2146034241, 34.8531494141, 35.4684791565, 36.0605888367, 36.6643066406, 37.2680282593, 37.8717460632, 38.4754638672, 39.0675735474, 39.6480712891, 40.251789093, 40.8555107117, 41.4708366394, 42.0977783203, 42.713104248, 43.3052139282, 43.8973236084, 44.5010414124, 45.1163711548, 45.7200889587, 46.3238105774, 46.9275283813, 47.5312461853, 48.1349639893, 48.7619056702, 49.3656234741, 49.9693412781, 50.573059082, 51.1767807007, 51.7804985046, 52.3842163086, 52.9879341125, 53.5916557312, 54.2069816589, 54.8223114014, 55.4260292053, 56.029750824, 56.6334686279, 57.2371864319, 57.8409042358, 58.4562339783, 59.0715637207, 59.6752815247, 60.2789993286, 60.8827209473, 61.4864387512, 62.0901565552, 62.7054862976, 63.3092041016, 63.9129257202, 64.5282516479, 65.1319732666, 65.7356872559, 66.3394088745, 66.9431304932, 67.5468444824, 68.1389541626, 68.7542877197, 69.3696136475, 69.9617233276, 70.5654373169, 71.1691589355, 71.7728805542, 72.3765945435, 72.9919281006, 73.5956420898, 74.1993637085, 74.8030853271, 75.4184112549, 76.0337371826, 76.6490707397, 77.252784729, 77.8565063477, 78.4602279663, 79.0639419556, 79.6676635742, 80.2713851929, 80.8750991821, 81.4788208008, 82.08253479, 82.6978683472, 83.3131942749, 83.9169158936, 84.5206298828, 85.1243515015, 85.7396774292, 86.3433990479, 86.9587249756, 87.5624465942, 88.1661682129, 88.7698822021, 89.3736038208, 89.9773254395, 90.5810394287, 91.1847610474, 91.788482666, 92.3921966553, 92.9959182739, 93.5996322632, 94.2149658203, 94.8186798096, 95.4340133667, 96.037727356, 96.6414489746, 97.2451705933, 97.860496521, 98.4758224487, 99.0679321289, 99.6600418091, 100.263763428, 100.867477417, 101.482810974, 102.098136902, 102.713470459, 103.328796387, 103.932518005, 104.536231995, 105.139953613, 105.743675232, 106.335777283, 106.95111084, 107.554824829, 108.158546448, 108.762268066, 109.365982056, 109.981315613, 110.596641541, 111.200363159, 111.804077148, 112.407798767, 113.011520386, 113.615234375, 114.218955994, 114.822669983, 115.426391602, 116.03011322, 116.645439148, 117.260765076, 117.864486694, 118.468208313, 119.071922302, 119.675643921, 120.27936554, 120.883079529, 121.486801147, 122.090522766, 122.694236755, 123.309570313, 123.92489624, 124.528617859, 125.132331848, 125.736053467, 126.339767456, 126.955101013, 127.570426941, 128.162536621, 128.754638672, 129.35836792, 129.962081909, 130.565795898, 131.181137085, 131.796463013, 132.400177002, 133.003890991, 133.619232178, 134.222946167, 134.826660156, 135.418777466, 136.022491455, 136.626205444, 137.229934692, 137.833648682, 138.448974609, 139.064300537, 139.679641724, 140.31817627, 140.945129395, 141.537231445, 142.117736816, 142.709838867, 143.313552856, 143.917282104, 144.520996094, 145.124710083, 145.728439331, 146.33215332, 146.93586731, 147.551193237, 148.166534424, 148.770248413, 149.373962402, 149.97769165, 150.58140564, 151.185119629, 151.788833618, 152.392562866, 152.996276855, 153.611602783, 154.226928711, 154.830657959, 155.42276001, 156.014877319, 156.618591309, 157.210693359, 157.826034546, 158.441360474, 159.056686401, 159.672012329, 160.287338257, 160.891067505, 161.494781494, 162.098495483, 162.702224731, 163.305938721, 163.90965271, 164.524978638, 165.140319824, 165.744033813, 166.359359741, 166.974685669, 167.590026855, 168.182128906, 168.774230957, 169.366348267, 169.970062256, 170.573776245, 171.189117432, 171.804443359, 172.408157349, 173.011871338, 173.615600586, 174.207702637, 174.823028564, 175.426757813, 176.030471802, 176.645797729, 177.261123657, 177.864852905, 178.468566895, 179.072280884, 179.664398193, 180.256500244, 180.860229492, 181.47555542, 182.079269409, 182.682983398, 183.298324585, 183.913650513, 184.52897644, 185.13269043, 185.736419678, 186.340133667, 186.943847656, 187.559173584, 188.162902832, 188.766616821, 189.370330811, 189.985671997, 190.589385986, 191.193099976, 191.796829224, 192.412155151, 193.027481079, 193.631195068, 194.223312378, 194.827026367, 195.419128418, 196.034469604, 196.649795532, 197.253509521, 197.857223511, 198.472564697, 199.087890625, 199.691604614, 200.295318604, 200.899047852, 201.502761841, 202.10647583, 202.710205078, 203.313919067, 203.929244995, 204.532974243, 205.136688232, 205.740402222, 206.344116211, 206.936233521, 207.53994751, 208.155273438, 208.770614624, 209.385940552, 209.978042603, 210.581771851, 211.197097778, 211.812423706, 212.416137695, 213.008255005, 213.611968994, 214.227294922, 214.831008911, 215.434738159, 216.038452148, 216.653778076, 217.269119263, 217.861221313, 218.464935303, 219.08026123, 219.683990479, 220.287704468, 220.891418457, 221.506759644, 222.122085571, 222.725799561, 223.32951355, 223.933242798, 224.536956787, 225.140670776, 225.744400024, 226.348114014, 226.951828003, 227.555557251, 228.15927124, 228.762985229, 229.378311157, 229.982040405, 230.597366333, 231.201080322, 231.80480957, 232.40852356, 233.012237549, 233.627563477, 234.231292725, 234.835006714, 235.438720703, 236.05406189, 236.657775879, 237.261489868, 237.865203857, 238.468933105, 239.072647095, 239.676361084, 240.280090332, 240.89541626, 241.510742188, 242.114456177, 242.718185425, 243.321899414, 243.925613403, 244.529342651, 245.133056641, 245.748382568, 246.363708496, 246.967437744, 247.571151733, 248.174865723, 248.778594971, 249.393920898, 250.009246826, 250.612960815, 251.216690063, 251.832015991, 252.424118042, 252.946563721, 253.469024658, 254.003082275, 254.467483521, 254.943481445, 255.419494629, 255.83744812, 256.255401611, 256.673370361, 257.079711914, 257.428009033, 257.77633667, 258.136230469, 258.484527588, 258.832824707, 259.169525146, 259.494598389, 259.831298828, 260.16796875, 260.504669189, 260.829742432, 261.178039551, 261.503112793, 261.816589355, 262.130065918, 262.45513916, 262.780212402, 263.105316162, 263.430389404, 263.755462646, 264.092163086, 264.428833008, 264.765533447, 265.102203369, 265.415679932, 265.729156494, 266.042633057, 266.379302979, 266.704406738, 267.02947998, 267.342956543, 267.749298096, 268.155639648, 268.561981201, 268.968353271, 269.374694824, 269.792633057, 270.222229004, 270.651794434, 271.069732666, 271.487701416, 271.905670166, 272.346832275, 272.799621582, 273.240814209, 273.751647949, 274.262481689, 274.77331543, 275.27255249, 275.771789551, 276.282623291, 276.851501465, 277.408782959, 277.966064453, 278.523345947, 279.092254639, 279.579864502, 280.067474365, 280.555084229, 281.054321289, 281.55355835, 282.05279541, 282.552001953], "beats_loudness_band_ratio": {"max": [0.997794806957, 0.948136210442, 0.820980012417, 0.878319501877, 0.528669595718, 0.809123575687], "min": [0, 0, 0, 0, 0, 0], "var": [0.0755874291062, 0.0582891702652, 0.0311172194779, 0.0253797024488, 0.00710830325261, 0.00353310978971], "dvar": [0.0384934768081, 0.0308769159019, 0.0175216458738, 0.0211697556078, 0.00757845910266, 0.00505686784163], "mean": [0.279086947441, 0.299800515175, 0.228314653039, 0.133083224297, 0.056404415518, 0.0313255861402], "dmean": [0.183849409223, 0.193529486656, 0.149705827236, 0.122312292457, 0.0602090321481, 0.0315979942679], "dvar2": [0.100890420377, 0.0875970572233, 0.0439434237778, 0.0590124204755, 0.0210041347891, 0.0142811173573], "dmean2": [0.321706444025, 0.324875444174, 0.242550313473, 0.204836905003, 0.106360688806, 0.057864818722], "median": [0.18800278008, 0.234556525946, 0.182197570801, 0.0683492571115, 0.0236850287765, 0.0145894726738]}, "bpm_histogram_first_peak_bpm": {"max": 99, "min": 99, "var": 0, "dvar": 0, "mean": 99, "dmean": 0, "dvar2": 0, "dmean2": 0, "median": 99}, "bpm_histogram_second_peak_bpm": {"max": 185, "min": 185, "var": 0, "dvar": 0, "mean": 185, "dmean": 0, "dvar2": 0, "dmean2": 0, "median": 185}, "bpm_histogram_first_peak_spread": {"max": 0.115288227797, "min": 0.115288227797, "var": 0, "dvar": 0, "mean": 0.115288227797, "dmean": 0, "dvar2": 0, "dmean2": 0, "median": 0.115288227797}, "bpm_histogram_first_peak_weight": {"max": 0.726337432861, "min": 0.726337432861, "var": 0, "dvar": 0, "mean": 0.726337432861, "dmean": 0, "dvar2": 0, "dmean2": 0, "median": 0.726337432861}, "bpm_histogram_second_peak_spread": {"max": 0, "min": 0, "var": 0, "dvar": 0, "mean": 0, "dmean": 0, "dvar2": 0, "dmean2": 0, "median": 0}, "bpm_histogram_second_peak_weight": {"max": 0.0205761324614, "min": 0.0205761324614, "var": 0, "dvar": 0, "mean": 0.0205761324614, "dmean": 0, "dvar2": 0, "dmean2": 0, "median": 0.0205761324614}}, "lowlevel": {"hfc": {"max": 130.560043335, "min": 0.000000000000000106621092799, "var": 335.192504883, "dvar": 35.9587516785, "mean": 18.0116004944, "dmean": 3.49249601364, "dvar2": 76.5327453613, "dmean2": 5.07186508179, "median": 11.5680379868}, "gfcc": {"cov": [[26537.03125, -1145.16662598, -3399.92919922, 1978.99914551, -1063.45275879, 1175.71801758, -175.005187988, 700.750183105, -994.102966309, 411.33026123, -94.0777359009, -206.461486816, 148.292205811], [-1145.16662598, 1865.05566406, 156.013259888, -355.896850586, 410.261169434, -277.815124512, 125.270278931, -219.133178711, 145.150985718, -154.070541382, 17.9149551392, -39.5025634766, -15.5366716385], [-3399.92919922, 156.013259888, 1793.45275879, 322.681640625, 221.883117676, 196.438293457, 80.9534683228, -16.2256126404, 152.491271973, -56.0729980469, -50.6173591614, 46.925491333, -104.056510925], [1978.99914551, -355.896850586, 322.681640625, 1079.85412598, 168.833343506, 389.741638184, 247.988082886, 141.525924683, -15.8624677658, 63.9680671692, -25.8436775208, -28.6034011841, -37.5244903564], [-1063.45275879, 410.261169434, 221.883117676, 168.833343506, 463.09979248, 77.6963272095, 180.38923645, -33.4802742004, 70.5933685303, -10.2170333862, 19.7567825317, -7.66884899139, -31.3511123657], [1175.71801758, -277.815124512, 196.438293457, 389.741638184, 77.6963272095, 476.964691162, 188.684005737, 60.9320259094, -48.8789215088, 67.2593917847, 9.24070358276, -1.96024644375, -30.8267250061], [-175.005187988, 125.270278931, 80.9534683228, 247.988082886, 180.38923645, 188.684005737, 346.248840332, 23.6826210022, 14.7236089706, 27.4474697113, 36.5709686279, -4.14494991302, -20.9848518372], [700.750183105, -219.133178711, -16.2256126404, 141.525924683, -33.4802742004, 60.9320259094, 23.6826210022, 210.228759766, -17.4124202728, 29.9708614349, 16.1502914429, 1.88193142414, 21.8300914764], [-994.102966309, 145.150985718, 152.491271973, -15.8624677658, 70.5933685303, -48.8789215088, 14.7236089706, -17.4124202728, 189.768722534, -15.773973465, -16.1311969757, 41.4225540161, -17.477809906], [411.33026123, -154.070541382, -56.0729980469, 63.9680671692, -10.2170333862, 67.2593917847, 27.4474697113, 29.9708614349, -15.773973465, 123.772239685, 25.130355835, -14.102848053, 5.58618974686], [-94.0777359009, 17.9149551392, -50.6173591614, -25.8436775208, 19.7567825317, 9.24070358276, 36.5709686279, 16.1502914429, -16.1311969757, 25.130355835, 102.29058075, 21.6576423645, 16.3291187286], [-206.461486816, -39.5025634766, 46.925491333, -28.6034011841, -7.66884899139, -1.96024644375, -4.14494991302, 1.88193142414, 41.4225540161, -14.102848053, 21.6576423645, 109.902008057, 19.1855297089], [148.292205811, -15.5366716385, -104.056510925, -37.5244903564, -31.3511123657, -30.8267250061, -20.9848518372, 21.8300914764, -17.477809906, 5.58618974686, 16.3291187286, 19.1855297089, 108.962013245]], "icov": [[0.000261685519945, -0.000540256209206, 0.00059400202008, -0.000700633856468, 0.000692161556799, -0.000806389434729, 0.00077000487363, -0.000585014815442, 0.000834750419017, -0.000534146442078, 0.000550544122234, -0.000612390052993, 0.000315915385727], [-0.000540256209206, 0.00218471139669, -0.0012874933891, 0.00174962030724, -0.00220710528083, 0.00213804794475, -0.00210008770227, 0.00179763196502, -0.00211927737109, 0.00202564080246, -0.00149128714111, 0.00206967629492, -0.000959697645158], [0.00059400202008, -0.0012874933891, 0.00207381695509, -0.00174624717329, 0.00139061908703, -0.0021677238401, 0.00199398864061, -0.00132769416086, 0.00145077914931, -0.000906126690097, 0.00139736267738, -0.00167651625816, 0.00118889275473], [-0.000700633856468, 0.00174962030724, -0.00174624717329, 0.00355011038482, -0.00235996837728, 0.00143728766125, -0.00270261638798, 0.000889338552952, -0.00224847812206, 0.00143349682912, -0.000767149555031, 0.00206501595676, -0.000895884702913], [0.000692161556799, -0.00220710528083, 0.00139061908703, -0.00235996837728, 0.00556393666193, -0.0023598598782, 0.00100954680238, -0.00127434497699, 0.00147351063788, -0.00156198453624, 0.000834754726384, -0.00140379625373, 0.0010800762102], [-0.000806389434729, 0.00213804794475, -0.0021677238401, 0.00143728766125, -0.0023598598782, 0.00658498611301, -0.00404701335356, 0.00190152798314, -0.00130787922535, 0.00054528407054, -0.00135288340971, 0.0012200162746, -0.000399040494813], [0.00077000487363, -0.00210008770227, 0.00199398864061, -0.00270261638798, 0.00100954680238, -0.00404701335356, 0.00742184277624, -0.00199376069941, 0.00201043300331, -0.00178912805859, 0.000139205905725, -0.00179416162428, 0.00130967493169], [-0.000585014815442, 0.00179763196502, -0.00132769416086, 0.000889338552952, -0.00127434497699, 0.00190152798314, -0.00199376069941, 0.00737616186962, -0.00220307405107, 0.00114295724779, -0.00237171025947, 0.00188027124386, -0.00198722421192], [0.000834750419017, -0.00211927737109, 0.00145077914931, -0.00224847812206, 0.00147351063788, -0.00130787922535, 0.00201043300331, -0.00220307405107, 0.0101779196411, -0.00290155340917, 0.00389201077633, -0.00557063659653, 0.00223431922495], [-0.000534146442078, 0.00202564080246, -0.000906126690097, 0.00143349682912, -0.00156198453624, 0.00054528407054, -0.00178912805859, 0.00114295724779, -0.00290155340917, 0.0119267581031, -0.00423568207771, 0.00399629492313, -0.00137034698855], [0.000550544122234, -0.00149128714111, 0.00139736267738, -0.000767149555031, 0.000834754726384, -0.00135288340971, 0.000139205905725, -0.00237171025947, 0.00389201077633, -0.00423568207771, 0.0140275135636, -0.00500835943967, 0.0000888785070856], [-0.000612390052993, 0.00206967629492, -0.00167651625816, 0.00206501595676, -0.00140379625373, 0.0012200162746, -0.00179416162428, 0.00188027124386, -0.00557063659653, 0.00399629492313, -0.00500835943967, 0.0139533793554, -0.00334704597481], [0.000315915385727, -0.000959697645158, 0.00118889275473, -0.000895884702913, 0.0010800762102, -0.000399040494813, 0.00130967493169, -0.00198722421192, 0.00223431922495, -0.00137034698855, 0.0000888785070856, -0.00334704597481, 0.011290455237]], "mean": [-74.0415725708, 118.566879272, -113.98109436, 3.04317140579, -58.5108146667, -3.49554634094, -39.8654708862, 4.04934167862, -29.4129238129, 1.17799127102, -11.8506240845, -7.67993450165, -3.16608643532]}, "mfcc": {"cov": [[15237.4111328, -1182.74230957, -1449.24804688, 782.145019531, -190.092971802, 210.200256348, 992.828125, 109.904914856, 140.668991089, 391.743255615, -187.260467529, 151.023239136, -89.0223388672], [-1182.74230957, 1898.28967285, -73.0802993774, -127.096160889, 55.8762664795, -68.216545105, -107.987007141, -68.5620956421, -45.5839042664, -114.145645142, 2.76584267616, -69.1252746582, -1.89104890823], [-1449.24804688, -73.0802993774, 1182.3581543, 164.793014526, 210.342926025, 238.770111084, -10.4375524521, 142.739242554, 63.0319976807, -8.54601097107, 59.1233406067, 19.6847896576, 39.0918159485], [782.145019531, -127.096160889, 164.793014526, 592.805358887, 197.842727661, 207.887756348, 202.223922729, 137.923492432, 125.852264404, 51.442615509, 35.9537353516, 73.4624481201, 21.0481700897], [-190.092971802, 55.8762664795, 210.342926025, 197.842727661, 307.769866943, 118.563476563, 57.2222251892, 83.3523406982, 58.1938018799, 6.37081384659, 20.3140983582, 32.2486724854, 8.83395195007], [210.200256348, -68.216545105, 238.770111084, 207.887756348, 118.563476563, 482.9765625, 188.918670654, 138.53074646, 78.415802002, 49.3656806946, 66.184753418, 15.7362852097, 63.6754264832], [992.828125, -107.987007141, -10.4375524521, 202.223922729, 57.2222251892, 188.918670654, 418.596740723, 83.9788665771, 43.7278938293, 120.06590271, -4.25680494308, 52.0034255981, 24.9561786652], [109.904914856, -68.5620956421, 142.739242554, 137.923492432, 83.3523406982, 138.53074646, 83.9788665771, 218.036804199, 72.8675460815, 7.02195501328, 38.3312911987, 37.5890274048, 41.2551765442], [140.668991089, -45.5839042664, 63.0319976807, 125.852264404, 58.1938018799, 78.415802002, 43.7278938293, 72.8675460815, 142.787231445, 26.8399524689, 13.0981445313, 24.3260536194, 14.1616268158], [391.743255615, -114.145645142, -8.54601097107, 51.442615509, 6.37081384659, 49.3656806946, 120.06590271, 7.02195501328, 26.8399524689, 142.937133789, 14.5306253433, 13.1398658752, 7.38129615784], [-187.260467529, 2.76584267616, 59.1233406067, 35.9537353516, 20.3140983582, 66.184753418, -4.25680494308, 38.3312911987, 13.0981445313, 14.5306253433, 112.505348206, 22.717464447, 18.5849742889], [151.023239136, -69.1252746582, 19.6847896576, 73.4624481201, 32.2486724854, 15.7362852097, 52.0034255981, 37.5890274048, 24.3260536194, 13.1398658752, 22.717464447, 105.903640747, 30.1417541504], [-89.0223388672, -1.89104890823, 39.0918159485, 21.0481700897, 8.83395195007, 63.6754264832, 24.9561786652, 41.2551765442, 14.1616268158, 7.38129615784, 18.5849742889, 30.1417541504, 97.1825561523]], "icov": [[0.000104085265775, 0.0000397916483053, 0.000130886197439, -0.000129128035042, 0.0000941189136938, -0.0000376992138627, -0.000127142644487, -0.0000527406955371, 0.0000158378625201, -0.00010183975246, 0.000164845914696, -0.0000643257881165, 0.000136475515319], [0.0000397916483053, 0.000610422925092, 0.000102699617855, 0.0000672017340548, -0.0002697778109, 0.0000636477489024, -0.000173496810021, 0.00018775643548, -0.0000420368014602, 0.000486232078401, -0.000194276566617, 0.000409624160966, -0.000180568240467], [0.000130886197439, 0.000102699617855, 0.00124919391237, -0.000177182490006, -0.000446962832939, -0.000475140463095, 0.000227984710364, -0.000422950251959, 0.000113199115731, -0.000160513038281, 0.000126769344206, -0.000050880425988, 0.00011796279432], [-0.000129128035042, 0.0000672017340548, -0.000177182490006, 0.00315056950785, -0.00132298923563, -0.000292804441415, -0.000759817427024, -0.000183088268386, -0.00147073378321, 0.00044619149412, -0.000478942412883, -0.000758503912948, 0.00036415894283], [0.0000941189136938, -0.0002697778109, -0.000446962832939, -0.00132298923563, 0.00492354296148, -0.000459506351035, 0.000123838632135, -0.000664902443532, -0.00023091355979, -0.000130570697365, 0.000506552285515, -0.000849946402013, 0.000861586420797], [-0.0000376992138627, 0.0000636477489024, -0.000475140463095, -0.000292804441415, -0.000459506351035, 0.00381684489548, -0.00151794229168, -0.000588159076869, -0.000688951520715, 0.000467315810965, -0.00181224360131, 0.00190898054279, -0.00177896302193], [-0.000127142644487, -0.000173496810021, 0.000227984710364, -0.000759817427024, 0.000123838632135, -0.00151794229168, 0.00494466070086, -0.00103229796514, 0.00114192743786, -0.00335932266898, 0.0019066077657, -0.0016746771289, 0.000348326808307], [-0.0000527406955371, 0.00018775643548, -0.000422950251959, -0.000183088268386, -0.000664902443532, -0.000588159076869, -0.00103229796514, 0.00748864840716, -0.00242663361132, 0.00179559667595, -0.00154293433297, -0.000309958297294, -0.00169455760624], [0.0000158378625201, -0.0000420368014602, 0.000113199115731, -0.00147073378321, -0.00023091355979, -0.000688951520715, 0.00114192743786, -0.00242663361132, 0.0100023439154, -0.00204228144139, 0.000991612090729, -0.000916476885322, 0.000288159761112], [-0.00010183975246, 0.000486232078401, -0.000160513038281, 0.00044619149412, -0.000130570697365, 0.000467315810965, -0.00335932266898, 0.00179559667595, -0.00204228144139, 0.0106449946761, -0.00246499339119, 0.00103324919473, -0.000669792178087], [0.000164845914696, -0.000194276566617, 0.000126769344206, -0.000478942412883, 0.000506552285515, -0.00181224360131, 0.0019066077657, -0.00154293433297, 0.000991612090729, -0.00246499339119, 0.0115584451705, -0.00278591830283, 0.000203089730348], [-0.0000643257881165, 0.000409624160966, -0.000050880425988, -0.000758503912948, -0.000849946402013, 0.00190898054279, -0.0016746771289, -0.000309958297294, -0.000916476885322, 0.00103324919473, -0.00278591830283, 0.0130450148135, -0.00393625022843], [0.000136475515319, -0.000180568240467, 0.00011796279432, 0.00036415894283, 0.000861586420797, -0.00177896302193, 0.000348326808307, -0.00169455760624, 0.000288159761112, -0.000669792178087, 0.000203089730348, -0.00393625022843, 0.0131931826472]], "mean": [-712.838134766, 153.02545166, -1.76277077198, 10.1774816513, -2.49902653694, -11.0047626495, 0.544351100922, -11.6724967957, -4.0921869278, 0.34680172801, -8.51505756378, -1.83916699886, -4.33923482895]}, "erbbands": {"max": [1.94519269466, 22.8915939331, 98.9479751587, 84.1708908081, 200.499710083, 418.716217041, 476.122436523, 691.426269531, 675.33380127, 733.882202148, 979.178222656, 987.667358398, 1082.53479004, 1365.77075195, 1948.59216309, 2789.83251953, 1617.17382813, 1726.67797852, 2104.23217773, 1119.16357422, 1018.87109375, 776.90045166, 477.544616699, 600.667663574, 425.393463135, 313.133361816, 635.875976563, 191.554107666, 114.262557983, 91.2491073608, 112.011749268, 246.366821289, 94.4602203369, 64.6328964233, 18.9924259186, 10.6446256638, 1.93575370312, 0.283941864967, 0.0386181138456, 0.0011658455478], "min": [0.0000000000000000000000454442099342, 0.000000000000000000000589718384439, 0.00000000000000000000153604279259, 0.00000000000000000000496473278589, 0.00000000000000000000848063691846, 0.0000000000000000000188852797858, 0.0000000000000000000380119218271, 0.0000000000000000000469220270422, 0.000000000000000000136224433049, 0.000000000000000000123679308481, 0.000000000000000000261947834071, 0.000000000000000000576065070495, 0.000000000000000000648584460087, 0.000000000000000000804221594266, 0.000000000000000000882975806026, 0.00000000000000000120992700815, 0.0000000000000000013780791782, 0.00000000000000000197640352388, 0.00000000000000000273554108643, 0.00000000000000000245590109983, 0.00000000000000000395749633466, 0.00000000000000000413796563762, 0.00000000000000000527741561681, 0.00000000000000000511287450372, 0.00000000000000000677799652142, 0.00000000000000000793683271903, 0.00000000000000000797197714172, 0.0000000000000000107567724909, 0.00000000000000000897579059355, 0.0000000000000000123715655314, 0.0000000000000000115216812926, 0.0000000000000000110064958363, 0.0000000000000000100512453311, 0.00000000000000000907313817112, 0.00000000000000000655403985211, 0.00000000000000000438404980191, 0.00000000000000000240249149524, 0.000000000000000000991674576346, 0.000000000000000000233883818935, 0.0000000000000000000265018328504], "var": [0.0128624215722, 1.2859814167, 17.8814716339, 35.2065353394, 123.224388123, 791.671691895, 2661.70922852, 2166.66137695, 1310.25561523, 880.015319824, 4731.71875, 7274, 2725.28540039, 13595.1572266, 30968.8847656, 30809.4433594, 6989.40673828, 3168.57641602, 22172.1289063, 3969.58496094, 2394.61694336, 1595.07873535, 690.671081543, 964.184143066, 429.928985596, 428.722045898, 801.281311035, 69.8435058594, 14.9669466019, 11.5199975967, 11.5811624527, 50.9888687134, 10.7367897034, 3.27331471443, 0.731001734734, 0.118878684938, 0.00446791434661, 0.000110137902084, 0.00000127890916701, 0.00000000248774845168], "dvar": [0.01144318562, 1.56459009647, 18.9332122803, 27.5279788971, 88.9218444824, 161.359939575, 477.748687744, 593.872314453, 511.99118042, 501.46005249, 1643.2220459, 1812.23266602, 1236.47265625, 3126.81762695, 3739.109375, 3857.13769531, 1127.00585938, 1101.24645996, 5261.59863281, 1006.512146, 931.13067627, 415.821655273, 136.027954102, 300.816253662, 116.568870544, 117.791465759, 221.16343689, 25.0115642548, 7.26968955994, 5.79755592346, 4.2487616539, 19.4564819336, 4.99988555908, 1.89616930485, 0.332510173321, 0.0600255466998, 0.00176586431917, 0.0000704765188857, 0.00000151882113641, 0.00000000203618433225], "mean": [0.0420067571104, 0.487188458443, 2.19119930267, 3.52824401855, 5.8163394928, 11.9856462479, 27.0077819824, 27.1945724487, 22.9780921936, 15.9884634018, 36.8674545288, 39.5633430481, 25.7625694275, 58.5333862305, 67.232093811, 52.6734619141, 29.2990207672, 20.3135643005, 50.7137870789, 22.4068317413, 16.766248703, 10.950594902, 10.0800056458, 14.929898262, 9.92002010345, 9.54180526733, 11.779343605, 3.39270877838, 1.28308808804, 0.936693608761, 0.881529450417, 1.23442947865, 0.69926995039, 0.491047859192, 0.258271187544, 0.0801243558526, 0.0141266807914, 0.00252046086825, 0.000260911765508, 0.0000393584559788], "dmean": [0.0211375076324, 0.260171711445, 1.11287093163, 1.69822061062, 3.07444095612, 4.8943605423, 9.54937648773, 10.5134477615, 9.43290805817, 7.43984174728, 16.1278305054, 16.1231708527, 11.5506420135, 21.587600708, 21.5061359406, 19.1221599579, 11.115363121, 9.11063480377, 21.1978549957, 9.46966934204, 8.35000610352, 4.63785505295, 3.90751719475, 6.49498176575, 3.81167793274, 3.76727676392, 4.71426868439, 1.56396234035, 0.74220597744, 0.623773872852, 0.519721269608, 0.692466497421, 0.38649058342, 0.272534668446, 0.137828201056, 0.045311383903, 0.00795172341168, 0.00185799354222, 0.00023291852267, 0.0000131608840093], "dvar2": [0.0305092912167, 4.34033250809, 53.7675933838, 80.9503860474, 249.908843994, 371.825561523, 921.998718262, 1357.00048828, 1173.90698242, 1233.64428711, 3603.02783203, 3548.63110352, 3032.87451172, 6416.53808594, 6154.33105469, 5608.33056641, 1979.41650391, 2178.31933594, 10450.2089844, 1969.44567871, 1924.98071289, 975.426452637, 282.839233398, 654.480102539, 256.471832275, 285.725128174, 484.891845703, 54.110748291, 18.6920528412, 12.789024353, 7.96735143661, 36.4570808411, 9.77696609497, 4.38784265518, 0.707608640194, 0.138675555587, 0.00364971160889, 0.00016685159062, 0.00000412716326537, 0.00000000538104982795], "dmean2": [0.0349064841866, 0.445962637663, 1.90639293194, 2.95586109161, 5.2301235199, 7.66007852554, 13.6507434845, 16.0916519165, 14.3349809647, 11.2514820099, 23.9984588623, 22.370798111, 16.9887485504, 30.0096187592, 28.0985012054, 24.8630275726, 15.4985818863, 12.9411554337, 30.7264289856, 13.4400463104, 12.3264026642, 6.96137285233, 5.67775678635, 9.48613548279, 5.69657230377, 5.74326276779, 7.0606470108, 2.36212110519, 1.1938046217, 0.977478086948, 0.782945811749, 0.974446952343, 0.554607331753, 0.402109146118, 0.201377555728, 0.0657837986946, 0.011519735679, 0.00285067455843, 0.000386767234886, 0.0000210212620004], "median": [0.00603163475171, 0.233599752188, 0.969351530075, 1.68149971962, 2.28425788879, 3.99248528481, 8.62726974487, 10.7287788391, 11.2726659775, 6.9472026825, 12.1110954285, 8.07491970062, 8.01834964752, 10.8874444962, 5.94151592255, 5.79018545151, 4.6099562645, 4.30565071106, 6.14477491379, 3.53796362877, 3.66060304642, 2.06167840958, 2.084015131, 2.46718740463, 1.78996896744, 1.47214496136, 1.45517647266, 0.545906484127, 0.197226986289, 0.117239005864, 0.133060216904, 0.169437095523, 0.115083284676, 0.0861623212695, 0.0470675602555, 0.0124042835087, 0.00197668559849, 0.000358642195351, 0.0000529453427589, 0.0000318321872328]}, "melbands": {"max": [0.0202946774662, 0.0425450019538, 0.0144311441109, 0.0169237796217, 0.0154567901045, 0.0132787413895, 0.0107886800542, 0.00725179957226, 0.00748866191134, 0.00669122813269, 0.00561276869848, 0.00585535587743, 0.00714155146852, 0.00897805765271, 0.00431569898501, 0.00201136316173, 0.00378543534316, 0.00379515835084, 0.00251024216413, 0.00107240444049, 0.00122115388513, 0.00106278015301, 0.000390471774153, 0.000617689045612, 0.000552274344955, 0.000663641141728, 0.000206085736863, 0.000288599228952, 0.000634744821582, 0.000246602081461, 0.0000876869016793, 0.0000679468430462, 0.0000548995813006, 0.0000734281929908, 0.0000523060152773, 0.000105782637547, 0.000169301580172, 0.0000898460129974, 0.000046677323553, 0.0000631528455415], "min": [0.000000000000000000000000833822821375, 0.00000000000000000000000112003891273, 0.000000000000000000000000996351636462, 0.00000000000000000000000125205162977, 0.00000000000000000000000128178951653, 0.000000000000000000000000867053389792, 0.00000000000000000000000198276717539, 0.00000000000000000000000116379406891, 0.00000000000000000000000215649781533, 0.00000000000000000000000353636522492, 0.00000000000000000000000299676977183, 0.00000000000000000000000292074645753, 0.00000000000000000000000266806523769, 0.00000000000000000000000283920230019, 0.00000000000000000000000238654740467, 0.00000000000000000000000278068262608, 0.00000000000000000000000313790152372, 0.00000000000000000000000283574787828, 0.00000000000000000000000428032968945, 0.00000000000000000000000281146476747, 0.00000000000000000000000307712866566, 0.00000000000000000000000339049537722, 0.0000000000000000000000041100844342, 0.00000000000000000000000399866848096, 0.00000000000000000000000324762359538, 0.00000000000000000000000507483134457, 0.00000000000000000000000455349407712, 0.00000000000000000000000383672440902, 0.00000000000000000000000392012120619, 0.00000000000000000000000523203712348, 0.00000000000000000000000511455404102, 0.00000000000000000000000466947950716, 0.00000000000000000000000493867907992, 0.00000000000000000000000423157532449, 0.00000000000000000000000616331503223, 0.00000000000000000000000608314585944, 0.00000000000000000000000643696141392, 0.00000000000000000000000618203864581, 0.00000000000000000000000644141295601, 0.0000000000000000000000064497153226], "var": [0.00000123127404095, 0.0000037402869566, 0.00000111297288186, 0.0000017402398953, 0.00000245405180976, 0.00000101117268514, 0.000000305025878333, 0.00000011046835624, 0.000000288893346578, 0.00000026448927315, 0.0000000712985510631, 0.000000236617040628, 0.000000482232508148, 0.000000478635172385, 0.0000000649339284564, 0.0000000154185890722, 0.0000000121677379283, 0.0000000576305758671, 0.0000000167440266097, 0.00000000385889764587, 0.00000000362126795217, 0.00000000263241606291, 0.000000000489023710415, 0.00000000107588149501, 0.000000000745820849524, 0.000000000530348709393, 0.000000000085468805644, 0.000000000222008744721, 0.000000000555432089211, 0.000000000130628896589, 0.0000000000123325490445, 0.00000000000774806434289, 0.00000000000333653330659, 0.00000000000421254611055, 0.00000000000281699511807, 0.00000000000943485567451, 0.0000000000252308486604, 0.00000000000696037932152, 0.00000000000238973099122, 0.00000000000241586134778], "dvar": [0.00000123890481518, 0.00000410387929151, 0.000000981038624559, 0.000000527352540303, 0.000000438386138057, 0.000000260801101604, 0.000000116173247022, 0.0000000590308602, 0.0000000955576950901, 0.0000000683322056716, 0.0000000320582138613, 0.0000000563749793514, 0.0000000540545492811, 0.000000050875808455, 0.0000000100373584999, 0.0000000037840197642, 0.00000000508454123249, 0.0000000153577879303, 0.0000000052179180976, 0.00000000133196642604, 0.00000000157019142133, 0.000000000820730983175, 0.000000000169588801335, 0.000000000262990268451, 0.00000000027444221895, 0.000000000197676167102, 0.0000000000231357953628, 0.0000000000778188208317, 0.000000000162535374049, 0.0000000000500843810869, 0.00000000000567874696919, 0.00000000000331819814681, 0.00000000000206515317, 0.00000000000221638549527, 0.00000000000121825867536, 0.00000000000381449429335, 0.00000000000984014172228, 0.00000000000371615758998, 0.00000000000122863698382, 0.00000000000156211881538], "mean": [0.000451847183285, 0.000991599285044, 0.000653398339637, 0.000623694446404, 0.00086162541993, 0.000608376692981, 0.000346240471117, 0.000181332536158, 0.000303596607409, 0.000237113650655, 0.000125388003653, 0.000235334111494, 0.000239294415223, 0.000189455953659, 0.0000792942155385, 0.0000486108474433, 0.0000337578094332, 0.0000794221487013, 0.0000464891163574, 0.0000201360617211, 0.0000190584214579, 0.0000117726585813, 0.00000780335267336, 0.0000116416122182, 0.0000121072353068, 0.00000957507381827, 0.00000450276320407, 0.00000641465385343, 0.000009036622032, 0.00000392736910726, 0.00000124483233321, 0.000000767006497426, 0.000000527715542376, 0.000000504426850512, 0.000000461469227275, 0.000000622725849553, 0.000000817978389023, 0.000000523392429841, 0.000000392809113237, 0.000000420639707954], "dmean": [0.00022265293228, 0.000493253930472, 0.000312475080136, 0.00028648605803, 0.000298722938169, 0.000230955309235, 0.00014253356494, 0.0000861182488734, 0.000129750958877, 0.0000999659823719, 0.0000593322765781, 0.0000913762269192, 0.000076946162153, 0.0000674824113958, 0.0000327879861288, 0.0000209321751754, 0.0000176831508725