{
    "lowlevel": {
        "average_loudness": 0.875321626663,
        "barkbands": {
            "dmean": [
                4.7859371989e-05,
                0.000978684052825,
                0.00109871756285,
                0.00062279147096,
                0.0014126728056,
                0.00128759397194,
                0.000624625361525,
                0.000621885643341,
                0.000643625680823,
                0.000540120701771,
                0.00048006864381,
                0.000506411597598,
                0.000260550674284,
                0.000217276174226,
                0.000378668162739,
                0.000154317327542,
                9.84565485851e-05,
                9.54702627496e-05,
                0.000114050308184,
                8.47347764648e-05,
                8.89064394869e-05,
                2.14431147469e-05,
                1.8502054445e-05,
                2.79595133179e-05,
                2.11851947824e-05,
                6.44348438072e-06,
                1.44250282119e-06
            ],
            "dmean2": [
                6.74833136145e-05,
                0.00165311025921,
                0.00188699946739,
                0.00108004640788,
                0.00222351541743,
                0.00192214141134,
                0.000935559801292,
                0.000938056327868,
                0.000911665149033,
                0.000806861440651,
                0.000666010251734,
                0.000695025548339,
                0.000375966541469,
                0.000323218875565,
                0.000554135825951,
                0.000230743535212,
                0.000152467837324,
                0.000140208678204,
                0.000170205399627,
                0.000131174558192,
                0.000136406801175,
                3.4379409044e-05,
                2.77120088867e-05,
                3.89359811379e-05,
                3.11890871671e-05,
                9.38524044614e-06,
                2.36900609707e-06
            ],
            "dvar": [
                5.51969527862e-08,
                2.25361181947e-05,
                1.67456146301e-05,
                3.7584270558e-06,
                1.00467186712e-05,
                7.21708511264e-06,
                2.45140540756e-06,
                2.62650473815e-06,
                2.55710506281e-06,
                2.27436862588e-06,
                2.67290033662e-06,
                3.03249089484e-06,
                6.6171310209e-07,
                6.5971676122e-07,
                1.51247604663e-06,
                2.91842980005e-07,
                1.68290029023e-07,
                7.41393080261e-08,
                1.00339150322e-07,
                6.12889294871e-08,
                7.86217668747e-08,
                5.63294566547e-09,
                5.55486057152e-09,
                2.97504065827e-08,
                9.12951492182e-09,
                1.24745291874e-09,
                5.52340569115e-11
            ],
            "dvar2": [
                9.77142136094e-08,
                6.16518882453e-05,
                4.79129739688e-05,
                1.09125030576e-05,
                2.41169091169e-05,
                1.52986576722e-05,
                5.37998357686e-06,
                5.77073205932e-06,
                5.2172335927e-06,
                5.26626490682e-06,
                4.86420003654e-06,
                4.75598562844e-06,
                1.19881053706e-06,
                1.38880375289e-06,
                2.9978814382e-06,
                6.26552775884e-07,
                3.93802793042e-07,
                1.58261599381e-07,
                2.20736467327e-07,
                1.46675034784e-07,
                1.73329453901e-07,
                1.39381377551e-08,
                1.06487494378e-08,
                5.49302683339e-08,
                2.02367296254e-08,
                2.81903345112e-09,
                1.48030629421e-10
            ],
            "max": [
                0.00468489900231,
                0.0888624861836,
                0.091936327517,
                0.0367359258235,
                0.0681150779128,
                0.0629296600819,
                0.048549707979,
                0.0348996184766,
                0.0350709855556,
                0.0326976366341,
                0.043453078717,
                0.0592493154109,
                0.0369179919362,
                0.0296133141965,
                0.0323292575777,
                0.0160763543099,
                0.0128760039806,
                0.00905371550471,
                0.0145420003682,
                0.00663856742904,
                0.01089147944,
                0.0028179353103,
                0.00448354752734,
                0.00771501846611,
                0.00384947494604,
                0.00160432711709,
                0.000211626931559
            ],
            "mean": [
                7.71758786868e-05,
                0.00189606065396,
                0.00209111790173,
                0.00116375437938,
                0.00343714724295,
                0.00357210845686,
                0.00141415267717,
                0.00132643338293,
                0.00161308632232,
                0.00124902592506,
                0.00147233554162,
                0.00145362748299,
                0.00059543113457,
                0.000383037229767,
                0.000904223008547,
                0.000273371930234,
                0.000205020187423,
                0.000213909472222,
                0.000252523546806,
                0.000187853191164,
                0.000190788166947,
                3.4665066778e-05,
                3.03959659504e-05,
                5.14670755365e-05,
                4.052348595e-05,
                1.11771196316e-05,
                1.55901614107e-06
            ],
            "median": [
                4.53795848898e-07,
                0.000756273861043,
                0.000795517815277,
                0.000401960423915,
                0.00135939184111,
                0.00140048319008,
                0.000621532439254,
                0.000333403790137,
                0.000254743295955,
                0.000232851802139,
                6.34855823591e-05,
                0.000105804596387,
                8.22250731289e-05,
                6.39788340777e-05,
                9.21849714359e-05,
                5.34897008038e-05,
                3.7251462345e-05,
                3.34248907166e-05,
                4.44026882178e-05,
                2.79247960862e-05,
                2.42701044044e-05,
                4.54587416243e-06,
                4.19104526372e-06,
                7.63066873333e-06,
                7.96354288468e-06,
                1.52426241584e-06,
                2.43269653311e-07
            ],
            "min": [
                6.11911910001e-25,
                2.33820857219e-24,
                2.16216203385e-24,
                5.94644237824e-25,
                8.66333751431e-24,
                4.64604915498e-24,
                9.72660447428e-24,
                7.66962126492e-24,
                2.51660007846e-23,
                2.04023159026e-23,
                1.7448721277e-23,
                1.99516948877e-23,
                2.35179709572e-23,
                2.69670869827e-23,
                4.93838160048e-23,
                6.16917058896e-23,
                6.51373809038e-23,
                8.19018110995e-23,
                1.22074533765e-22,
                1.70704223988e-22,
                2.21700610523e-22,
                2.32278162411e-22,
                3.57734258887e-22,
                5.59511196439e-22,
                9.27163443766e-22,
                1.22333651222e-21,
                1.90562460631e-21
            ],
            "var": [
                1.17394158394e-07,
                2.04335447052e-05,
                1.64523335116e-05,
                5.09063875143e-06,
                3.87917461921e-05,
                3.14771132253e-05,
                5.972874078e-06,
                7.15944815965e-06,
                1.07723508336e-05,
                7.8180755736e-06,
                2.18834575207e-05,
                2.72802753898e-05,
                3.24055417877e-06,
                1.3999043631e-06,
                6.37775747236e-06,
                6.67340259497e-07,
                5.22517325408e-07,
                3.03808178614e-07,
                2.9432123938e-07,
                1.86904998145e-07,
                2.24812097827e-07,
                1.28936390453e-08,
                1.42748159959e-08,
                7.46123234308e-08,
                1.80682473427e-08,
                2.68823918681e-09,
                4.80638480405e-11
            ]
        },
        "barkbands_crest": {
            "dmean": 1.84310913086,
            "dmean2": 2.8583984375,
            "dvar": 3.87598466873,
            "dvar2": 9.43088054657,
            "max": 26.3191223145,
            "mean": 11.5104703903,
            "median": 10.6652030945,
            "min": 2.65602684021,
            "var": 20.7840671539
        },
        "barkbands_flatness_db": {
            "dmean": 0.0160072427243,
            "dmean2": 0.0231428239495,
            "dvar": 0.0003421716101,
            "dvar2": 0.000678183161654,
            "max": 0.56916642189,
            "mean": 0.200344666839,
            "median": 0.188151046634,
            "min": 0.0400426499546,
            "var": 0.00697742402554
        },
        "barkbands_kurtosis": {
            "dmean": 2.874386549,
            "dmean2": 4.3497672081,
            "dvar": 44.8888778687,
            "dvar2": 101.73085022,
            "max": 279.455688477,
            "mean": 7.80127763748,
            "median": 3.90486860275,
            "min": -1.98145449162,
            "var": 172.721694946
        },
        "barkbands_skewness": {
            "dmean": 0.401728510857,
            "dmean2": 0.587255716324,
            "dvar": 0.279391109943,
            "dvar2": 0.606372535229,
            "max": 14.4822063446,
            "mean": 1.65615034103,
            "median": 1.58491706848,
            "min": -4.03209257126,
            "var": 2.27946543694
        },
        "barkbands_spread": {
            "dmean": 2.76067829132,
            "dmean2": 4.0317363739,
            "dvar": 26.4449596405,
            "dvar2": 53.7089767456,
            "max": 163.844146729,
            "mean": 13.0937137604,
            "median": 9.84976387024,
            "min": 0.432268381119,
            "var": 150.888458252
        },
        "dissonance": {
            "dmean": 0.0262554064393,
            "dmean2": 0.043719984591,
            "dvar": 0.000628254376352,
            "dvar2": 0.0016866120277,
            "max": 0.500000119209,
            "mean": 0.426784038544,
            "median": 0.43705368042,
            "min": 0.205102428794,
            "var": 0.00232853041962
        },
        "dynamic_complexity": 4.76715660095,
        "erbbands": {
            "dmean": [
                0.0211375076324,
                0.260171711445,
                1.11287093163,
                1.69822061062,
                3.07444095612,
                4.8943605423,
                9.54937648773,
                10.5134477615,
                9.43290805817,
                7.43984174728,
                16.1278305054,
                16.1231708527,
                11.5506420135,
                21.587600708,
                21.5061359406,
                19.1221599579,
                11.115363121,
                9.11063480377,
                21.1978549957,
                9.46966934204,
                8.35000610352,
                4.63785505295,
                3.90751719475,
                6.49498176575,
                3.81167793274,
                3.76727676392,
                4.71426868439,
                1.56396234035,
                0.74220597744,
                0.623773872852,
                0.519721269608,
                0.692466497421,
                0.38649058342,
                0.272534668446,
                0.137828201056,
                0.045311383903,
                0.00795172341168,
                0.00185799354222,
                0.00023291852267,
                1.31608840093e-05
            ],
            "dmean2": [
                0.0349064841866,
                0.445962637663,
                1.90639293194,
                2.95586109161,
                5.2301235199,
                7.66007852554,
                13.6507434845,
                16.0916519165,
                14.3349809647,
                11.2514820099,
                23.9984588623,
                22.370798111,
                16.9887485504,
                30.0096187592,
                28.0985012054,
                24.8630275726,
                15.4985818863,
                12.9411554337,
                30.7264289856,
                13.4400463104,
                12.3264026642,
                6.96137285233,
                5.67775678635,
                9.48613548279,
                5.69657230377,
                5.74326276779,
                7.0606470108,
                2.36212110519,
                1.1938046217,
                0.977478086948,
                0.782945811749,
                0.974446952343,
                0.554607331753,
                0.402109146118,
                0.201377555728,
                0.0657837986946,
                0.011519735679,
                0.00285067455843,
                0.000386767234886,
                2.10212620004e-05
            ],
            "dvar": [
                0.01144318562,
                1.56459009647,
                18.9332122803,
                27.5279788971,
                88.9218444824,
                161.359939575,
                477.748687744,
                593.872314453,
                511.99118042,
                501.46005249,
                1643.2220459,
                1812.23266602,
                1236.47265625,
                3126.81762695,
                3739.109375,
                3857.13769531,
                1127.00585938,
                1101.24645996,
                5261.59863281,
                1006.512146,
                931.13067627,
                415.821655273,
                136.027954102,
                300.816253662,
                116.568870544,
                117.791465759,
                221.16343689,
                25.0115642548,
                7.26968955994,
                5.79755592346,
                4.2487616539,
                19.4564819336,
                4.99988555908,
                1.89616930485,
                0.332510173321,
                0.0600255466998,
                0.00176586431917,
                7.04765188857e-05,
                1.51882113641e-06,
                2.03618433225e-09
            ],
            "dvar2": [
                0.0305092912167,
                4.34033250809,
                53.7675933838,
                80.9503860474,
                249.908843994,
                371.825561523,
                921.998718262,
                1357.00048828,
                1173.90698242,
                1233.64428711,
                3603.02783203,
                3548.63110352,
                3032.87451172,
                6416.53808594,
                6154.33105469,
                5608.33056641,
                1979.41650391,
                2178.31933594,
                10450.2089844,
                1969.44567871,
                1924.98071289,
                975.426452637,
                282.839233398,
                654.480102539,
                256.471832275,
                285.725128174,
                484.891845703,
                54.110748291,
                18.6920528412,
                12.789024353,
                7.96735143661,
                36.4570808411,
                9.77696609497,
                4.38784265518,
                0.707608640194,
                0.138675555587,
                0.00364971160889,
                0.00016685159062,
                4.12716326537e-06,
                5.38104982795e-09
            ],
            "max": [
                1.94519269466,
                22.8915939331,
                98.9479751587,
                84.1708908081,
                200.499710083,
                418.716217041,
                476.122436523,
                691.426269531,
                675.33380127,
                733.882202148,
                979.178222656,
                987.667358398,
                1082.53479004,
                1365.77075195,
                1948.59216309,
                2789.83251953,
                1617.17382813,
                1726.67797852,
                2104.23217773,
                1119.16357422,
                1018.87109375,
                776.90045166,
                477.544616699,
                600.667663574,
                425.393463135,
                313.133361816,
                635.875976563,
                191.554107666,
                114.262557983,
                91.2491073608,
                112.011749268,
                246.366821289,
                94.4602203369,
                64.6328964233,
                18.9924259186,
                10.6446256638,
                1.93575370312,
                0.283941864967,
                0.0386181138456,
                0.0011658455478
            ],
            "mean": [
                0.0420067571104,
                0.487188458443,
                2.19119930267,
                3.52824401855,
                5.8163394928,
                11.9856462479,
                27.0077819824,
                27.1945724487,
                22.9780921936,
                15.9884634018,
                36.8674545288,
                39.5633430481,
                25.7625694275,
                58.5333862305,
                67.232093811,
                52.6734619141,
                29.2990207672,
                20.3135643005,
                50.7137870789,
                22.4068317413,
                16.766248703,
                10.950594902,
                10.0800056458,
                14.929898262,
                9.92002010345,
                9.54180526733,
                11.779343605,
                3.39270877838,
                1.28308808804,
                0.936693608761,
                0.881529450417,
                1.23442947865,
                0.69926995039,
                0.491047859192,
                0.258271187544,
                0.0801243558526,
                0.0141266807914,
                0.00252046086825,
                0.000260911765508,
                3.93584559788e-05
            ],
            "median": [
                0.00603163475171,
                0.233599752188,
                0.969351530075,
                1.68149971962,
                2.28425788879,
                3.99248528481,
                8.62726974487,
                10.7287788391,
                11.2726659775,
                6.9472026825,
                12.1110954285,
                8.07491970062,
                8.01834964752,
                10.8874444962,
                5.94151592255,
                5.79018545151,
                4.6099562645,
                4.30565071106,
                6.14477491379,
                3.53796362877,
                3.66060304642,
                2.06167840958,
                2.084015131,
                2.46718740463,
                1.78996896744,
                1.47214496136,
                1.45517647266,
                0.545906484127,
                0.197226986289,
                0.117239005864,
                0.133060216904,
                0.169437095523,
                0.115083284676,
                0.0861623212695,
                0.0470675602555,
                0.0124042835087,
                0.00197668559849,
                0.000358642195351,
                5.29453427589e-05,
                3.18321872328e-05
            ],
            "min": [
                4.54442099342e-23,
                5.89718384439e-22,
                1.53604279259e-21,
                4.96473278589e-21,
                8.48063691846e-21,
                1.88852797858e-20,
                3.80119218271e-20,
                4.69220270422e-20,
                1.36224433049e-19,
                1.23679308481e-19,
                2.61947834071e-19,
                5.76065070495e-19,
                6.48584460087e-19,
                8.04221594266e-19,
                8.82975806026e-19,
                1.20992700815e-18,
                1.3780791782e-18,
                1.97640352388e-18,
                2.73554108643e-18,
                2.45590109983e-18,
                3.95749633466e-18,
                4.13796563762e-18,
                5.27741561681e-18,
                5.11287450372e-18,
                6.77799652142e-18,
                7.93683271903e-18,
                7.97197714172e-18,
                1.07567724909e-17,
                8.97579059355e-18,
                1.23715655314e-17,
                1.15216812926e-17,
                1.10064958363e-17,
                1.00512453311e-17,
                9.07313817112e-18,
                6.55403985211e-18,
                4.38404980191e-18,
                2.40249149524e-18,
                9.91674576346e-19,
                2.33883818935e-19,
                2.65018328504e-20
            ],
            "var": [
                0.0128624215722,
                1.2859814167,
                17.8814716339,
                35.2065353394,
                123.224388123,
                791.671691895,
                2661.70922852,
                2166.66137695,
                1310.25561523,
                880.015319824,
                4731.71875,
                7274,
                2725.28540039,
                13595.1572266,
                30968.8847656,
                30809.4433594,
                6989.40673828,
                3168.57641602,
                22172.1289063,
                3969.58496094,
                2394.61694336,
                1595.07873535,
                690.671081543,
                964.184143066,
                429.928985596,
                428.722045898,
                801.281311035,
                69.8435058594,
                14.9669466019,
                11.5199975967,
                11.5811624527,
                50.9888687134,
                10.7367897034,
                3.27331471443,
                0.731001734734,
                0.118878684938,
                0.00446791434661,
                0.000110137902084,
                1.27890916701e-06,
                2.48774845168e-09
            ]
        },
        "erbbands_crest": {
            "dmean": 2.26614046097,
            "dmean2": 3.42881011963,
            "dvar": 5.36112976074,
            "dvar2": 11.9697294235,
            "max": 33.0059127808,
            "mean": 12.5766372681,
            "median": 11.8092756271,
            "min": 2.61169099808,
            "var": 29.1923923492
        },
        "erbbands_flatness_db": {
            "dmean": 0.0140135847032,
            "dmean2": 0.0195343401283,
            "dvar": 0.000258373445831,
            "dvar2": 0.000466409052024,
            "max": 0.443082183599,
            "mean": 0.215868249536,
            "median": 0.208001345396,
            "min": 0.0264409314841,
            "var": 0.00472184782848
        },
        "erbbands_kurtosis": {
            "dmean": 1.13293218613,
            "dmean2": 1.67288136482,
            "dvar": 3.62145113945,
            "dvar2": 7.73756074905,
            "max": 72.5336837769,
            "mean": 2.77765870094,
            "median": 1.11390686035,
            "min": -1.82410049438,
            "var": 43.1255111694
        },
        "erbbands_skewness": {
            "dmean": 0.292433351278,
            "dmean2": 0.430861264467,
            "dvar": 0.109023220837,
            "dvar2": 0.223993316293,
            "max": 6.65205430984,
            "mean": 0.88442337513,
            "median": 0.803177654743,
            "min": -4.04241657257,
            "var": 0.945551931858
        },
        "erbbands_spread": {
            "dmean": 4.62788534164,
            "dmean2": 6.72402048111,
            "dvar": 55.8297958374,
            "dvar2": 110.676925659,
            "max": 180.849258423,
            "mean": 25.2389793396,
            "median": 21.1286220551,
            "min": 1.51340436935,
            "var": 331.354003906
        },
        "gfcc": {
            "cov": [
                [
                    26537.03125,
                    -1145.16662598,
                    -3399.92919922,
                    1978.99914551,
                    -1063.45275879,
                    1175.71801758,
                    -175.005187988,
                    700.750183105,
                    -994.102966309,
                    411.33026123,
                    -94.0777359009,
                    -206.461486816,
                    148.292205811
                ],
                [
                    -1145.16662598,
                    1865.05566406,
                    156.013259888,
                    -355.896850586,
                    410.261169434,
                    -277.815124512,
                    125.270278931,
                    -219.133178711,
                    145.150985718,
                    -154.070541382,
                    17.9149551392,
                    -39.5025634766,
                    -15.5366716385
                ],
                [
                    -3399.92919922,
                    156.013259888,
                    1793.45275879,
                    322.681640625,
                    221.883117676,
                    196.438293457,
                    80.9534683228,
                    -16.2256126404,
                    152.491271973,
                    -56.0729980469,
                    -50.6173591614,
                    46.925491333,
                    -104.056510925
                ],
                [
                    1978.99914551,
                    -355.896850586,
                    322.681640625,
                    1079.85412598,
                    168.833343506,
                    389.741638184,
                    247.988082886,
                    141.525924683,
                    -15.8624677658,
                    63.9680671692,
                    -25.8436775208,
                    -28.6034011841,
                    -37.5244903564
                ],
                [
                    -1063.45275879,
                    410.261169434,
                    221.883117676,
                    168.833343506,
                    463.09979248,
                    77.6963272095,
                    180.38923645,
                    -33.4802742004,
                    70.5933685303,
                    -10.2170333862,
                    19.7567825317,
                    -7.66884899139,
                    -31.3511123657
                ],
                [
                    1175.71801758,
                    -277.815124512,
                    196.438293457,
                    389.741638184,
                    77.6963272095,
                    476.964691162,
                    188.684005737,
                    60.9320259094,
                    -48.8789215088,
                    67.2593917847,
                    9.24070358276,
                    -1.96024644375,
                    -30.8267250061
                ],
                [
                    -175.005187988,
                    125.270278931,
                    80.9534683228,
                    247.988082886,
                    180.38923645,
                    188.684005737,
                    346.248840332,
                    23.6826210022,
                    14.7236089706,
                    27.4474697113,
                    36.5709686279,
                    -4.14494991302,
                    -20.9848518372
                ],
                [
                    700.750183105,
                    -219.133178711,
                    -16.2256126404,
                    141.525924683,
                    -33.4802742004,
                    60.9320259094,
                    23.6826210022,
                    210.228759766,
                    -17.4124202728,
                    29.9708614349,
                    16.1502914429,
                    1.88193142414,
                    21.8300914764
                ],
                [
                    -994.102966309,
                    145.150985718,
                    152.491271973,
                    -15.8624677658,
                    70.5933685303,
                    -48.8789215088,
                    14.7236089706,
                    -17.4124202728,
                    189.768722534,
                    -15.773973465,
                    -16.1311969757,
                    41.4225540161,
                    -17.477809906
                ],
                [
                    411.33026123,
                    -154.070541382,
                    -56.0729980469,
                    63.9680671692,
                    -10.2170333862,
                    67.2593917847,
                    27.4474697113,
                    29.9708614349,
                    -15.773973465,
                    123.772239685,
                    25.130355835,
                    -14.102848053,
                    5.58618974686
                ],
                [
                    -94.0777359009,
                    17.9149551392,
                    -50.6173591614,
                    -25.8436775208,
                    19.7567825317,
                    9.24070358276,
                    36.5709686279,
                    16.1502914429,
                    -16.1311969757,
                    25.130355835,
                    102.29058075,
                    21.6576423645,
                    16.3291187286
                ],
                [
                    -206.461486816,
                    -39.5025634766,
                    46.925491333,
                    -28.6034011841,
                    -7.66884899139,
                    -1.96024644375,
                    -4.14494991302,
                    1.88193142414,
                    41.4225540161,
                    -14.102848053,
                    21.6576423645,
                    109.902008057,
                    19.1855297089
                ],
                [
                    148.292205811,
                    -15.5366716385,
                    -104.056510925,
                    -37.5244903564,
                    -31.3511123657,
                    -30.8267250061,
                    -20.9848518372,
                    21.8300914764,
                    -17.477809906,
                    5.58618974686,
                    16.3291187286,
                    19.1855297089,
                    108.962013245
                ]
            ],
            "icov": [
                [
                    0.000261685519945,
                    -0.000540256209206,
                    0.00059400202008,
                    -0.000700633856468,
                    0.000692161556799,
                    -0.000806389434729,
                    0.00077000487363,
                    -0.000585014815442,
                    0.000834750419017,
                    -0.000534146442078,
                    0.000550544122234,
                    -0.000612390052993,
                    0.000315915385727
                ],
                [
                    -0.000540256209206,
                    0.00218471139669,
                    -0.0012874933891,
                    0.00174962030724,
                    -0.00220710528083,
                    0.00213804794475,
                    -0.00210008770227,
                    0.00179763196502,
                    -0.00211927737109,
                    0.00202564080246,
                    -0.00149128714111,
                    0.00206967629492,
                    -0.000959697645158
                ],
                [
                    0.00059400202008,
                    -0.0012874933891,
                    0.00207381695509,
                    -0.00174624717329,
                    0.00139061908703,
                    -0.0021677238401,
                    0.00199398864061,
                    -0.00132769416086,
                    0.00145077914931,
                    -0.000906126690097,
                    0.00139736267738,
                    -0.00167651625816,
                    0.00118889275473
                ],
                [
                    -0.000700633856468,
                    0.00174962030724,
                    -0.00174624717329,
                    0.00355011038482,
                    -0.00235996837728,
                    0.00143728766125,
                    -0.00270261638798,
                    0.000889338552952,
                    -0.00224847812206,
                    0.00143349682912,
                    -0.000767149555031,
                    0.00206501595676,
                    -0.000895884702913
                ],
                [
                    0.000692161556799,
                    -0.00220710528083,
                    0.00139061908703,
                    -0.00235996837728,
                    0.00556393666193,
                    -0.0023598598782,
                    0.00100954680238,
                    -0.00127434497699,
                    0.00147351063788,
                    -0.00156198453624,
                    0.000834754726384,
                    -0.00140379625373,
                    0.0010800762102
                ],
                [
                    -0.000806389434729,
                    0.00213804794475,
                    -0.0021677238401,
                    0.00143728766125,
                    -0.0023598598782,
                    0.00658498611301,
                    -0.00404701335356,
                    0.00190152798314,
                    -0.00130787922535,
                    0.00054528407054,
                    -0.00135288340971,
                    0.0012200162746,
                    -0.000399040494813
                ],
                [
                    0.00077000487363,
                    -0.00210008770227,
                    0.00199398864061,
                    -0.00270261638798,
                    0.00100954680238,
                    -0.00404701335356,
                    0.00742184277624,
                    -0.00199376069941,
                    0.00201043300331,
                    -0.00178912805859,
                    0.000139205905725,
                    -0.00179416162428,
                    0.00130967493169
                ],
                [
                    -0.000585014815442,
                    0.00179763196502,
                    -0.00132769416086,
                    0.000889338552952,
                    -0.00127434497699,
                    0.00190152798314,
                    -0.00199376069941,
                    0.00737616186962,
                    -0.00220307405107,
                    0.00114295724779,
                    -0.00237171025947,
                    0.00188027124386,
                    -0.00198722421192
                ],
                [
                    0.000834750419017,
                    -0.00211927737109,
                    0.00145077914931,
                    -0.00224847812206,
                    0.00147351063788,
                    -0.00130787922535,
                    0.00201043300331,
                    -0.00220307405107,
                    0.0101779196411,
                    -0.00290155340917,
                    0.00389201077633,
                    -0.00557063659653,
                    0.00223431922495
                ],
                [
                    -0.000534146442078,
                    0.00202564080246,
                    -0.000906126690097,
                    0.00143349682912,
                    -0.00156198453624,
                    0.00054528407054,
                    -0.00178912805859,
                    0.00114295724779,
                    -0.00290155340917,
                    0.0119267581031,
                    -0.00423568207771,
                    0.00399629492313,
                    -0.00137034698855
                ],
                [
                    0.000550544122234,
                    -0.00149128714111,
                    0.00139736267738,
                    -0.000767149555031,
                    0.000834754726384,
                    -0.00135288340971,
                    0.000139205905725,
                    -0.00237171025947,
                    0.00389201077633,
                    -0.00423568207771,
                    0.0140275135636,
                    -0.00500835943967,
                    8.88785070856e-05
                ],
                [
                    -0.000612390052993,
                    0.00206967629492,
                    -0.00167651625816,
                    0.00206501595676,
                    -0.00140379625373,
                    0.0012200162746,
                    -0.00179416162428,
                    0.00188027124386,
                    -0.00557063659653,
                    0.00399629492313,
                    -0.00500835943967,
                    0.0139533793554,
                    -0.00334704597481
                ],
                [
                    0.000315915385727,
                    -0.000959697645158,
                    0.00118889275473,
                    -0.000895884702913,
                    0.0010800762102,
                    -0.000399040494813,
                    0.00130967493169,
                    -0.00198722421192,
                    0.00223431922495,
                    -0.00137034698855,
                    8.88785070856e-05,
                    -0.00334704597481,
                    0.011290455237
                ]
            ],
            "mean": [
                -74.0415725708,
                118.566879272,
                -113.98109436,
                3.04317140579,
                -58.5108146667,
                -3.49554634094,
                -39.8654708862,
                4.04934167862,
                -29.4129238129,
                1.17799127102,
                -11.8506240845,
                -7.67993450165,
                -3.16608643532
            ]
        },
        "hfc": {
            "dmean": 3.49249601364,
            "dmean2": 5.07186508179,
            "dvar": 35.9587516785,
            "dvar2": 76.5327453613,
            "max": 130.560043335,
            "mean": 18.0116004944,
            "median": 11.5680379868,
            "min": 1.06621092799e-16,
            "var": 335.192504883
        },
        "melbands": {
            "dmean": [
                0.00022265293228,
                0.000493253930472,
                0.000312475080136,
                0.00028648605803,
                0.000298722938169,
                0.000230955309235,
                0.00014253356494,
                8.61182488734e-05,
                0.000129750958877,
                9.99659823719e-05,
                5.93322765781e-05,
                9.13762269192e-05,
                7.6946162153e-05,
                6.74824113958e-05,
                3.27879861288e-05,
                2.09321751754e-05,
                1.76831508725e-05,
                3.5922814277e-05,
                2.14120009332e-05,
                1.0238150935e-05,
                1.06130091808e-05,
                5.72994440518e-06,
                3.86402098229e-06,
                5.10817699251e-06,
                5.9635008256e-06,
                4.40280655312e-06,
                1.87676107544e-06,
